2 0.054514 0.876917 0.102215 0.242760
2 0.108177 0.897359 0.216354 0.201874
2 0.159710 0.914821 0.319420 0.165247
2 0.210392 0.929302 0.417376 0.124361
2 0.284923 0.948893 0.569846 0.097104
2 0.405877 0.968484 0.801533 0.063032
2 0.445911 0.986371 0.891822 0.020443
2 0.822402 0.181431 0.280239 0.044293
2 0.686968 0.201448 0.256388 0.063884
2 0.570698 0.226150 0.243612 0.057070
2 0.463799 0.245315 0.237649 0.071550
2 0.413969 0.245741 0.340716 0.043441
2 0.416951 0.278961 0.205281 0.040034
2 0.376917 0.307070 0.063884 0.038330
2 0.649915 0.318569 0.005111 0.003407