4 0.151618 0.286627 0.233390 0.072402
4 0.300256 0.765332 0.109881 0.055366
4 0.662266 0.930153 0.137138 0.040886
4 0.500852 0.980409 0.071550 0.028961
4 0.535349 0.962095 0.079216 0.026405
4 0.572828 0.938245 0.062181 0.038330
4 0.581346 0.905451 0.068995 0.039182
4 0.534923 0.881175 0.068143 0.036627
4 0.494037 0.858177 0.061329 0.036627
4 0.455707 0.836882 0.061329 0.040034
4 0.415247 0.818569 0.060477 0.035775
4 0.374787 0.793015 0.061329 0.039182
4 0.232964 0.725298 0.072402 0.050256
4 0.172913 0.692930 0.083475 0.051959
4 0.138842 0.662692 0.074957 0.052811
4 0.186116 0.637138 0.060477 0.044293
4 0.224446 0.614991 0.055366 0.039182
4 0.269165 0.591567 0.059625 0.050256
4 0.313032 0.564736 0.062181 0.051107
4 0.359881 0.545145 0.068995 0.051107
4 0.403748 0.521295 0.054514 0.049404
4 0.449319 0.498722 0.070698 0.043441
4 0.499148 0.473169 0.057922 0.041738
4 0.566865 0.433560 0.077513 0.064736
4 0.535349 0.398211 0.084327 0.055366
4 0.478705 0.372232 0.061329 0.051107
4 0.438671 0.352215 0.059625 0.051959
4 0.391397 0.324106 0.065588 0.046848
4 0.320273 0.299404 0.115843 0.050256
4 0.389693 0.286627 0.080920 0.051959
4 0.448041 0.260221 0.061329 0.051959
4 0.502129 0.235094 0.065588 0.045997