4 0.402470 0.473595 0.329642 0.045997
4 0.360307 0.418654 0.185690 0.097956
4 0.374361 0.334753 0.188245 0.129472
4 0.393952 0.247445 0.210392 0.142249
4 0.422487 0.134157 0.235094 0.152470
4 0.455281 0.081346 0.275128 0.101363
4 0.538756 0.517888 0.132027 0.059625
4 0.571124 0.564310 0.125213 0.075809
4 0.612010 0.612436 0.147359 0.078365
4 0.642675 0.660136 0.145656 0.076661
4 0.675894 0.712521 0.160988 0.070698
4 0.712095 0.756388 0.173765 0.064736
4 0.741482 0.800681 0.186542 0.066440
4 0.764906 0.849659 0.178876 0.086031