4 0.474446 0.966780 0.112436 0.057922
4 0.493612 0.919932 0.111584 0.069847
4 0.517462 0.880324 0.101363 0.077513
4 0.544293 0.837308 0.097104 0.063032
4 0.565588 0.788756 0.097104 0.069847
4 0.644378 0.731687 0.178024 0.088586
4 0.741482 0.763629 0.092845 0.067291
4 0.602215 0.682283 0.102215 0.085179
4 0.424191 0.624787 0.281090 0.075809
4 0.416099 0.645656 0.118399 0.149915
4 0.445911 0.543441 0.114991 0.103918
4 0.479557 0.488927 0.098807 0.117547
4 0.517036 0.416525 0.095400 0.126065
4 0.559199 0.326235 0.108177 0.144804
4 0.684838 0.268739 0.214651 0.094549
4 0.583049 0.201022 0.087734 0.074957
4 0.462095 0.154600 0.174617 0.108177
4 0.416525 0.199319 0.132879 0.139693
4 0.451022 0.099233 0.099659 0.104770
4 0.497871 0.043441 0.108177 0.086882